"Sim" "Mselectivity" "Maturity" "Weight" "Fselectivity" "UnfishedNAA"
1 1 0 0.018 0.0011 12542074.3976634
1 0.8 0.02 0.04 0.15 5579442.96296882
1 0.67 0.63 0.073 0.53 2918555.91410268
1 0.59 0.98 0.11 0.69 1696197.43711112
1 0.55 1 0.14 1 1051785.23473759
1 0.52 1 0.16 1 673672.591073548
1 0.5 1 0.18 1 442103.590810522
1 0.49 1 0.21 1 900103.722088287
2 1 0 0.018 0.0011 12542074.3976634
2 0.8 0.02 0.04 0.15 5579442.96296882
2 0.67 0.63 0.073 0.53 2918555.91410268
2 0.59 0.98 0.11 0.69 1696197.43711112
2 0.55 1 0.14 1 1051785.23473759
2 0.52 1 0.16 1 673672.591073548
2 0.5 1 0.18 1 442103.590810522
2 0.49 1 0.21 1 900103.722088287
3 1 0 0.018 0.0011 12542074.3976634
3 0.8 0.02 0.04 0.15 5579442.96296882
3 0.67 0.63 0.073 0.53 2918555.91410268
3 0.59 0.98 0.11 0.69 1696197.43711112
3 0.55 1 0.14 1 1051785.23473759
3 0.52 1 0.16 1 673672.591073548
3 0.5 1 0.18 1 442103.590810522
3 0.49 1 0.21 1 900103.722088287
4 1 0 0.018 0.0011 12542074.3976634
4 0.8 0.02 0.04 0.15 5579442.96296882
4 0.67 0.63 0.073 0.53 2918555.91410268
4 0.59 0.98 0.11 0.69 1696197.43711112
4 0.55 1 0.14 1 1051785.23473759
4 0.52 1 0.16 1 673672.591073548
4 0.5 1 0.18 1 442103.590810522
4 0.49 1 0.21 1 900103.722088287
5 1 0 0.018 0.0011 12542074.3976634
5 0.8 0.02 0.04 0.15 5579442.96296882
5 0.67 0.63 0.073 0.53 2918555.91410268
5 0.59 0.98 0.11 0.69 1696197.43711112
5 0.55 1 0.14 1 1051785.23473759
5 0.52 1 0.16 1 673672.591073548
5 0.5 1 0.18 1 442103.590810522
5 0.49 1 0.21 1 900103.722088287
6 1 0 0.018 0.0011 12542074.3976634
6 0.8 0.02 0.04 0.15 5579442.96296882
6 0.67 0.63 0.073 0.53 2918555.91410268
6 0.59 0.98 0.11 0.69 1696197.43711112
6 0.55 1 0.14 1 1051785.23473759
6 0.52 1 0.16 1 673672.591073548
6 0.5 1 0.18 1 442103.590810522
6 0.49 1 0.21 1 900103.722088287
7 1 0 0.018 0.0011 12542074.3976634
7 0.8 0.02 0.04 0.15 5579442.96296882
7 0.67 0.63 0.073 0.53 2918555.91410268
7 0.59 0.98 0.11 0.69 1696197.43711112
7 0.55 1 0.14 1 1051785.23473759
7 0.52 1 0.16 1 673672.591073548
7 0.5 1 0.18 1 442103.590810522
7 0.49 1 0.21 1 900103.722088287
8 1 0 0.018 0.0011 12542074.3976634
8 0.8 0.02 0.04 0.15 5579442.96296882
8 0.67 0.63 0.073 0.53 2918555.91410268
8 0.59 0.98 0.11 0.69 1696197.43711112
8 0.55 1 0.14 1 1051785.23473759
8 0.52 1 0.16 1 673672.591073548
8 0.5 1 0.18 1 442103.590810522
8 0.49 1 0.21 1 900103.722088287
9 1 0 0.018 0.0011 12542074.3976634
9 0.8 0.02 0.04 0.15 5579442.96296882
9 0.67 0.63 0.073 0.53 2918555.91410268
9 0.59 0.98 0.11 0.69 1696197.43711112
9 0.55 1 0.14 1 1051785.23473759
9 0.52 1 0.16 1 673672.591073548
9 0.5 1 0.18 1 442103.590810522
9 0.49 1 0.21 1 900103.722088287
10 1 0 0.018 0.0011 12542074.3976634
10 0.8 0.02 0.04 0.15 5579442.96296882
10 0.67 0.63 0.073 0.53 2918555.91410268
10 0.59 0.98 0.11 0.69 1696197.43711112
10 0.55 1 0.14 1 1051785.23473759
10 0.52 1 0.16 1 673672.591073548
10 0.5 1 0.18 1 442103.590810522
10 0.49 1 0.21 1 900103.722088287
11 1 0 0.018 0.0011 12542074.3976634
11 0.8 0.02 0.04 0.15 5579442.96296882
11 0.67 0.63 0.073 0.53 2918555.91410268
11 0.59 0.98 0.11 0.69 1696197.43711112
11 0.55 1 0.14 1 1051785.23473759
11 0.52 1 0.16 1 673672.591073548
11 0.5 1 0.18 1 442103.590810522
11 0.49 1 0.21 1 900103.722088287
12 1 0 0.018 0.0011 12542074.3976634
12 0.8 0.02 0.04 0.15 5579442.96296882
12 0.67 0.63 0.073 0.53 2918555.91410268
12 0.59 0.98 0.11 0.69 1696197.43711112
12 0.55 1 0.14 1 1051785.23473759
12 0.52 1 0.16 1 673672.591073548
12 0.5 1 0.18 1 442103.590810522
12 0.49 1 0.21 1 900103.722088287
13 1 0 0.018 0.0011 12542074.3976634
13 0.8 0.02 0.04 0.15 5579442.96296882
13 0.67 0.63 0.073 0.53 2918555.91410268
13 0.59 0.98 0.11 0.69 1696197.43711112
13 0.55 1 0.14 1 1051785.23473759
13 0.52 1 0.16 1 673672.591073548
13 0.5 1 0.18 1 442103.590810522
13 0.49 1 0.21 1 900103.722088287
14 1 0 0.018 0.0011 12542074.3976634
14 0.8 0.02 0.04 0.15 5579442.96296882
14 0.67 0.63 0.073 0.53 2918555.91410268
14 0.59 0.98 0.11 0.69 1696197.43711112
14 0.55 1 0.14 1 1051785.23473759
14 0.52 1 0.16 1 673672.591073548
14 0.5 1 0.18 1 442103.590810522
14 0.49 1 0.21 1 900103.722088287
15 1 0 0.018 0.0011 12542074.3976634
15 0.8 0.02 0.04 0.15 5579442.96296882
15 0.67 0.63 0.073 0.53 2918555.91410268
15 0.59 0.98 0.11 0.69 1696197.43711112
15 0.55 1 0.14 1 1051785.23473759
15 0.52 1 0.16 1 673672.591073548
15 0.5 1 0.18 1 442103.590810522
15 0.49 1 0.21 1 900103.722088287
16 1 0 0.018 0.0011 12542074.3976634
16 0.8 0.02 0.04 0.15 5579442.96296882
16 0.67 0.63 0.073 0.53 2918555.91410268
16 0.59 0.98 0.11 0.69 1696197.43711112
16 0.55 1 0.14 1 1051785.23473759
16 0.52 1 0.16 1 673672.591073548
16 0.5 1 0.18 1 442103.590810522
16 0.49 1 0.21 1 900103.722088287
17 1 0 0.018 0.0011 12542074.3976634
17 0.8 0.02 0.04 0.15 5579442.96296882
17 0.67 0.63 0.073 0.53 2918555.91410268
17 0.59 0.98 0.11 0.69 1696197.43711112
17 0.55 1 0.14 1 1051785.23473759
17 0.52 1 0.16 1 673672.591073548
17 0.5 1 0.18 1 442103.590810522
17 0.49 1 0.21 1 900103.722088287
18 1 0 0.018 0.0011 12542074.3976634
18 0.8 0.02 0.04 0.15 5579442.96296882
18 0.67 0.63 0.073 0.53 2918555.91410268
18 0.59 0.98 0.11 0.69 1696197.43711112
18 0.55 1 0.14 1 1051785.23473759
18 0.52 1 0.16 1 673672.591073548
18 0.5 1 0.18 1 442103.590810522
18 0.49 1 0.21 1 900103.722088287
19 1 0 0.018 0.0011 12542074.3976634
19 0.8 0.02 0.04 0.15 5579442.96296882
19 0.67 0.63 0.073 0.53 2918555.91410268
19 0.59 0.98 0.11 0.69 1696197.43711112
19 0.55 1 0.14 1 1051785.23473759
19 0.52 1 0.16 1 673672.591073548
19 0.5 1 0.18 1 442103.590810522
19 0.49 1 0.21 1 900103.722088287
20 1 0 0.018 0.0011 12542074.3976634
20 0.8 0.02 0.04 0.15 5579442.96296882
20 0.67 0.63 0.073 0.53 2918555.91410268
20 0.59 0.98 0.11 0.69 1696197.43711112
20 0.55 1 0.14 1 1051785.23473759
20 0.52 1 0.16 1 673672.591073548
20 0.5 1 0.18 1 442103.590810522
20 0.49 1 0.21 1 900103.722088287
21 1 0 0.018 0.0011 12542074.3976634
21 0.8 0.02 0.04 0.15 5579442.96296882
21 0.67 0.63 0.073 0.53 2918555.91410268
21 0.59 0.98 0.11 0.69 1696197.43711112
21 0.55 1 0.14 1 1051785.23473759
21 0.52 1 0.16 1 673672.591073548
21 0.5 1 0.18 1 442103.590810522
21 0.49 1 0.21 1 900103.722088287
22 1 0 0.018 0.0011 12542074.3976634
22 0.8 0.02 0.04 0.15 5579442.96296882
22 0.67 0.63 0.073 0.53 2918555.91410268
22 0.59 0.98 0.11 0.69 1696197.43711112
22 0.55 1 0.14 1 1051785.23473759
22 0.52 1 0.16 1 673672.591073548
22 0.5 1 0.18 1 442103.590810522
22 0.49 1 0.21 1 900103.722088287
23 1 0 0.018 0.0011 12542074.3976634
23 0.8 0.02 0.04 0.15 5579442.96296882
23 0.67 0.63 0.073 0.53 2918555.91410268
23 0.59 0.98 0.11 0.69 1696197.43711112
23 0.55 1 0.14 1 1051785.23473759
23 0.52 1 0.16 1 673672.591073548
23 0.5 1 0.18 1 442103.590810522
23 0.49 1 0.21 1 900103.722088287
24 1 0 0.018 0.0011 12542074.3976634
24 0.8 0.02 0.04 0.15 5579442.96296882
24 0.67 0.63 0.073 0.53 2918555.91410268
24 0.59 0.98 0.11 0.69 1696197.43711112
24 0.55 1 0.14 1 1051785.23473759
24 0.52 1 0.16 1 673672.591073548
24 0.5 1 0.18 1 442103.590810522
24 0.49 1 0.21 1 900103.722088287
25 1 0 0.018 0.0011 12542074.3976634
25 0.8 0.02 0.04 0.15 5579442.96296882
25 0.67 0.63 0.073 0.53 2918555.91410268
25 0.59 0.98 0.11 0.69 1696197.43711112
25 0.55 1 0.14 1 1051785.23473759
25 0.52 1 0.16 1 673672.591073548
25 0.5 1 0.18 1 442103.590810522
25 0.49 1 0.21 1 900103.722088287
26 1 0 0.018 0.0011 12542074.3976634
26 0.8 0.02 0.04 0.15 5579442.96296882
26 0.67 0.63 0.073 0.53 2918555.91410268
26 0.59 0.98 0.11 0.69 1696197.43711112
26 0.55 1 0.14 1 1051785.23473759
26 0.52 1 0.16 1 673672.591073548
26 0.5 1 0.18 1 442103.590810522
26 0.49 1 0.21 1 900103.722088287
27 1 0 0.018 0.0011 12542074.3976634
27 0.8 0.02 0.04 0.15 5579442.96296882
27 0.67 0.63 0.073 0.53 2918555.91410268
27 0.59 0.98 0.11 0.69 1696197.43711112
27 0.55 1 0.14 1 1051785.23473759
27 0.52 1 0.16 1 673672.591073548
27 0.5 1 0.18 1 442103.590810522
27 0.49 1 0.21 1 900103.722088287
28 1 0 0.018 0.0011 12542074.3976634
28 0.8 0.02 0.04 0.15 5579442.96296882
28 0.67 0.63 0.073 0.53 2918555.91410268
28 0.59 0.98 0.11 0.69 1696197.43711112
28 0.55 1 0.14 1 1051785.23473759
28 0.52 1 0.16 1 673672.591073548
28 0.5 1 0.18 1 442103.590810522
28 0.49 1 0.21 1 900103.722088287
29 1 0 0.018 0.0011 12542074.3976634
29 0.8 0.02 0.04 0.15 5579442.96296882
29 0.67 0.63 0.073 0.53 2918555.91410268
29 0.59 0.98 0.11 0.69 1696197.43711112
29 0.55 1 0.14 1 1051785.23473759
29 0.52 1 0.16 1 673672.591073548
29 0.5 1 0.18 1 442103.590810522
29 0.49 1 0.21 1 900103.722088287
30 1 0 0.018 0.0011 12542074.3976634
30 0.8 0.02 0.04 0.15 5579442.96296882
30 0.67 0.63 0.073 0.53 2918555.91410268
30 0.59 0.98 0.11 0.69 1696197.43711112
30 0.55 1 0.14 1 1051785.23473759
30 0.52 1 0.16 1 673672.591073548
30 0.5 1 0.18 1 442103.590810522
30 0.49 1 0.21 1 900103.722088287
31 1 0 0.018 0.0011 12542074.3976634
31 0.8 0.02 0.04 0.15 5579442.96296882
31 0.67 0.63 0.073 0.53 2918555.91410268
31 0.59 0.98 0.11 0.69 1696197.43711112
31 0.55 1 0.14 1 1051785.23473759
31 0.52 1 0.16 1 673672.591073548
31 0.5 1 0.18 1 442103.590810522
31 0.49 1 0.21 1 900103.722088287
32 1 0 0.018 0.0011 12542074.3976634
32 0.8 0.02 0.04 0.15 5579442.96296882
32 0.67 0.63 0.073 0.53 2918555.91410268
32 0.59 0.98 0.11 0.69 1696197.43711112
32 0.55 1 0.14 1 1051785.23473759
32 0.52 1 0.16 1 673672.591073548
32 0.5 1 0.18 1 442103.590810522
32 0.49 1 0.21 1 900103.722088287
33 1 0 0.018 0.0011 12542074.3976634
33 0.8 0.02 0.04 0.15 5579442.96296882
33 0.67 0.63 0.073 0.53 2918555.91410268
33 0.59 0.98 0.11 0.69 1696197.43711112
33 0.55 1 0.14 1 1051785.23473759
33 0.52 1 0.16 1 673672.591073548
33 0.5 1 0.18 1 442103.590810522
33 0.49 1 0.21 1 900103.722088287
34 1 0 0.018 0.0011 12542074.3976634
34 0.8 0.02 0.04 0.15 5579442.96296882
34 0.67 0.63 0.073 0.53 2918555.91410268
34 0.59 0.98 0.11 0.69 1696197.43711112
34 0.55 1 0.14 1 1051785.23473759
34 0.52 1 0.16 1 673672.591073548
34 0.5 1 0.18 1 442103.590810522
34 0.49 1 0.21 1 900103.722088287
35 1 0 0.018 0.0011 12542074.3976634
35 0.8 0.02 0.04 0.15 5579442.96296882
35 0.67 0.63 0.073 0.53 2918555.91410268
35 0.59 0.98 0.11 0.69 1696197.43711112
35 0.55 1 0.14 1 1051785.23473759
35 0.52 1 0.16 1 673672.591073548
35 0.5 1 0.18 1 442103.590810522
35 0.49 1 0.21 1 900103.722088287
36 1 0 0.018 0.0011 12542074.3976634
36 0.8 0.02 0.04 0.15 5579442.96296882
36 0.67 0.63 0.073 0.53 2918555.91410268
36 0.59 0.98 0.11 0.69 1696197.43711112
36 0.55 1 0.14 1 1051785.23473759
36 0.52 1 0.16 1 673672.591073548
36 0.5 1 0.18 1 442103.590810522
36 0.49 1 0.21 1 900103.722088287
37 1 0 0.018 0.0011 12542074.3976634
37 0.8 0.02 0.04 0.15 5579442.96296882
37 0.67 0.63 0.073 0.53 2918555.91410268
37 0.59 0.98 0.11 0.69 1696197.43711112
37 0.55 1 0.14 1 1051785.23473759
37 0.52 1 0.16 1 673672.591073548
37 0.5 1 0.18 1 442103.590810522
37 0.49 1 0.21 1 900103.722088287
38 1 0 0.018 0.0011 12542074.3976634
38 0.8 0.02 0.04 0.15 5579442.96296882
38 0.67 0.63 0.073 0.53 2918555.91410268
38 0.59 0.98 0.11 0.69 1696197.43711112
38 0.55 1 0.14 1 1051785.23473759
38 0.52 1 0.16 1 673672.591073548
38 0.5 1 0.18 1 442103.590810522
38 0.49 1 0.21 1 900103.722088287
39 1 0 0.018 0.0011 12542074.3976634
39 0.8 0.02 0.04 0.15 5579442.96296882
39 0.67 0.63 0.073 0.53 2918555.91410268
39 0.59 0.98 0.11 0.69 1696197.43711112
39 0.55 1 0.14 1 1051785.23473759
39 0.52 1 0.16 1 673672.591073548
39 0.5 1 0.18 1 442103.590810522
39 0.49 1 0.21 1 900103.722088287
40 1 0 0.018 0.0011 12542074.3976634
40 0.8 0.02 0.04 0.15 5579442.96296882
40 0.67 0.63 0.073 0.53 2918555.91410268
40 0.59 0.98 0.11 0.69 1696197.43711112
40 0.55 1 0.14 1 1051785.23473759
40 0.52 1 0.16 1 673672.591073548
40 0.5 1 0.18 1 442103.590810522
40 0.49 1 0.21 1 900103.722088287
41 1 0 0.018 0.0011 12542074.3976634
41 0.8 0.02 0.04 0.15 5579442.96296882
41 0.67 0.63 0.073 0.53 2918555.91410268
41 0.59 0.98 0.11 0.69 1696197.43711112
41 0.55 1 0.14 1 1051785.23473759
41 0.52 1 0.16 1 673672.591073548
41 0.5 1 0.18 1 442103.590810522
41 0.49 1 0.21 1 900103.722088287
42 1 0 0.018 0.0011 12542074.3976634
42 0.8 0.02 0.04 0.15 5579442.96296882
42 0.67 0.63 0.073 0.53 2918555.91410268
42 0.59 0.98 0.11 0.69 1696197.43711112
42 0.55 1 0.14 1 1051785.23473759
42 0.52 1 0.16 1 673672.591073548
42 0.5 1 0.18 1 442103.590810522
42 0.49 1 0.21 1 900103.722088287
43 1 0 0.018 0.0011 12542074.3976634
43 0.8 0.02 0.04 0.15 5579442.96296882
43 0.67 0.63 0.073 0.53 2918555.91410268
43 0.59 0.98 0.11 0.69 1696197.43711112
43 0.55 1 0.14 1 1051785.23473759
43 0.52 1 0.16 1 673672.591073548
43 0.5 1 0.18 1 442103.590810522
43 0.49 1 0.21 1 900103.722088287
44 1 0 0.018 0.0011 12542074.3976634
44 0.8 0.02 0.04 0.15 5579442.96296882
44 0.67 0.63 0.073 0.53 2918555.91410268
44 0.59 0.98 0.11 0.69 1696197.43711112
44 0.55 1 0.14 1 1051785.23473759
44 0.52 1 0.16 1 673672.591073548
44 0.5 1 0.18 1 442103.590810522
44 0.49 1 0.21 1 900103.722088287
45 1 0 0.018 0.0011 12542074.3976634
45 0.8 0.02 0.04 0.15 5579442.96296882
45 0.67 0.63 0.073 0.53 2918555.91410268
45 0.59 0.98 0.11 0.69 1696197.43711112
45 0.55 1 0.14 1 1051785.23473759
45 0.52 1 0.16 1 673672.591073548
45 0.5 1 0.18 1 442103.590810522
45 0.49 1 0.21 1 900103.722088287
46 1 0 0.018 0.0011 12542074.3976634
46 0.8 0.02 0.04 0.15 5579442.96296882
46 0.67 0.63 0.073 0.53 2918555.91410268
46 0.59 0.98 0.11 0.69 1696197.43711112
46 0.55 1 0.14 1 1051785.23473759
46 0.52 1 0.16 1 673672.591073548
46 0.5 1 0.18 1 442103.590810522
46 0.49 1 0.21 1 900103.722088287
47 1 0 0.018 0.0011 12542074.3976634
47 0.8 0.02 0.04 0.15 5579442.96296882
47 0.67 0.63 0.073 0.53 2918555.91410268
47 0.59 0.98 0.11 0.69 1696197.43711112
47 0.55 1 0.14 1 1051785.23473759
47 0.52 1 0.16 1 673672.591073548
47 0.5 1 0.18 1 442103.590810522
47 0.49 1 0.21 1 900103.722088287
48 1 0 0.018 0.0011 12542074.3976634
48 0.8 0.02 0.04 0.15 5579442.96296882
48 0.67 0.63 0.073 0.53 2918555.91410268
48 0.59 0.98 0.11 0.69 1696197.43711112
48 0.55 1 0.14 1 1051785.23473759
48 0.52 1 0.16 1 673672.591073548
48 0.5 1 0.18 1 442103.590810522
48 0.49 1 0.21 1 900103.722088287
49 1 0 0.018 0.0011 12542074.3976634
49 0.8 0.02 0.04 0.15 5579442.96296882
49 0.67 0.63 0.073 0.53 2918555.91410268
49 0.59 0.98 0.11 0.69 1696197.43711112
49 0.55 1 0.14 1 1051785.23473759
49 0.52 1 0.16 1 673672.591073548
49 0.5 1 0.18 1 442103.590810522
49 0.49 1 0.21 1 900103.722088287
50 1 0 0.018 0.0011 12542074.3976634
50 0.8 0.02 0.04 0.15 5579442.96296882
50 0.67 0.63 0.073 0.53 2918555.91410268
50 0.59 0.98 0.11 0.69 1696197.43711112
50 0.55 1 0.14 1 1051785.23473759
50 0.52 1 0.16 1 673672.591073548
50 0.5 1 0.18 1 442103.590810522
50 0.49 1 0.21 1 900103.722088287
51 1 0 0.018 0.0011 12542074.3976634
51 0.8 0.02 0.04 0.15 5579442.96296882
51 0.67 0.63 0.073 0.53 2918555.91410268
51 0.59 0.98 0.11 0.69 1696197.43711112
51 0.55 1 0.14 1 1051785.23473759
51 0.52 1 0.16 1 673672.591073548
51 0.5 1 0.18 1 442103.590810522
51 0.49 1 0.21 1 900103.722088287
52 1 0 0.018 0.0011 12542074.3976634
52 0.8 0.02 0.04 0.15 5579442.96296882
52 0.67 0.63 0.073 0.53 2918555.91410268
52 0.59 0.98 0.11 0.69 1696197.43711112
52 0.55 1 0.14 1 1051785.23473759
52 0.52 1 0.16 1 673672.591073548
52 0.5 1 0.18 1 442103.590810522
52 0.49 1 0.21 1 900103.722088287
53 1 0 0.018 0.0011 12542074.3976634
53 0.8 0.02 0.04 0.15 5579442.96296882
53 0.67 0.63 0.073 0.53 2918555.91410268
53 0.59 0.98 0.11 0.69 1696197.43711112
53 0.55 1 0.14 1 1051785.23473759
53 0.52 1 0.16 1 673672.591073548
53 0.5 1 0.18 1 442103.590810522
53 0.49 1 0.21 1 900103.722088287
54 1 0 0.018 0.0011 12542074.3976634
54 0.8 0.02 0.04 0.15 5579442.96296882
54 0.67 0.63 0.073 0.53 2918555.91410268
54 0.59 0.98 0.11 0.69 1696197.43711112
54 0.55 1 0.14 1 1051785.23473759
54 0.52 1 0.16 1 673672.591073548
54 0.5 1 0.18 1 442103.590810522
54 0.49 1 0.21 1 900103.722088287
55 1 0 0.018 0.0011 12542074.3976634
55 0.8 0.02 0.04 0.15 5579442.96296882
55 0.67 0.63 0.073 0.53 2918555.91410268
55 0.59 0.98 0.11 0.69 1696197.43711112
55 0.55 1 0.14 1 1051785.23473759
55 0.52 1 0.16 1 673672.591073548
55 0.5 1 0.18 1 442103.590810522
55 0.49 1 0.21 1 900103.722088287
56 1 0 0.018 0.0011 12542074.3976634
56 0.8 0.02 0.04 0.15 5579442.96296882
56 0.67 0.63 0.073 0.53 2918555.91410268
56 0.59 0.98 0.11 0.69 1696197.43711112
56 0.55 1 0.14 1 1051785.23473759
56 0.52 1 0.16 1 673672.591073548
56 0.5 1 0.18 1 442103.590810522
56 0.49 1 0.21 1 900103.722088287
57 1 0 0.018 0.0011 12542074.3976634
57 0.8 0.02 0.04 0.15 5579442.96296882
57 0.67 0.63 0.073 0.53 2918555.91410268
57 0.59 0.98 0.11 0.69 1696197.43711112
57 0.55 1 0.14 1 1051785.23473759
57 0.52 1 0.16 1 673672.591073548
57 0.5 1 0.18 1 442103.590810522
57 0.49 1 0.21 1 900103.722088287
58 1 0 0.018 0.0011 12542074.3976634
58 0.8 0.02 0.04 0.15 5579442.96296882
58 0.67 0.63 0.073 0.53 2918555.91410268
58 0.59 0.98 0.11 0.69 1696197.43711112
58 0.55 1 0.14 1 1051785.23473759
58 0.52 1 0.16 1 673672.591073548
58 0.5 1 0.18 1 442103.590810522
58 0.49 1 0.21 1 900103.722088287
59 1 0 0.018 0.0011 12542074.3976634
59 0.8 0.02 0.04 0.15 5579442.96296882
59 0.67 0.63 0.073 0.53 2918555.91410268
59 0.59 0.98 0.11 0.69 1696197.43711112
59 0.55 1 0.14 1 1051785.23473759
59 0.52 1 0.16 1 673672.591073548
59 0.5 1 0.18 1 442103.590810522
59 0.49 1 0.21 1 900103.722088287
60 1 0 0.018 0.0011 12542074.3976634
60 0.8 0.02 0.04 0.15 5579442.96296882
60 0.67 0.63 0.073 0.53 2918555.91410268
60 0.59 0.98 0.11 0.69 1696197.43711112
60 0.55 1 0.14 1 1051785.23473759
60 0.52 1 0.16 1 673672.591073548
60 0.5 1 0.18 1 442103.590810522
60 0.49 1 0.21 1 900103.722088287
61 1 0 0.018 0.0011 12542074.3976634
61 0.8 0.02 0.04 0.15 5579442.96296882
61 0.67 0.63 0.073 0.53 2918555.91410268
61 0.59 0.98 0.11 0.69 1696197.43711112
61 0.55 1 0.14 1 1051785.23473759
61 0.52 1 0.16 1 673672.591073548
61 0.5 1 0.18 1 442103.590810522
61 0.49 1 0.21 1 900103.722088287
62 1 0 0.018 0.0011 12542074.3976634
62 0.8 0.02 0.04 0.15 5579442.96296882
62 0.67 0.63 0.073 0.53 2918555.91410268
62 0.59 0.98 0.11 0.69 1696197.43711112
62 0.55 1 0.14 1 1051785.23473759
62 0.52 1 0.16 1 673672.591073548
62 0.5 1 0.18 1 442103.590810522
62 0.49 1 0.21 1 900103.722088287
63 1 0 0.018 0.0011 12542074.3976634
63 0.8 0.02 0.04 0.15 5579442.96296882
63 0.67 0.63 0.073 0.53 2918555.91410268
63 0.59 0.98 0.11 0.69 1696197.43711112
63 0.55 1 0.14 1 1051785.23473759
63 0.52 1 0.16 1 673672.591073548
63 0.5 1 0.18 1 442103.590810522
63 0.49 1 0.21 1 900103.722088287
64 1 0 0.018 0.0011 12542074.3976634
64 0.8 0.02 0.04 0.15 5579442.96296882
64 0.67 0.63 0.073 0.53 2918555.91410268
64 0.59 0.98 0.11 0.69 1696197.43711112
64 0.55 1 0.14 1 1051785.23473759
64 0.52 1 0.16 1 673672.591073548
64 0.5 1 0.18 1 442103.590810522
64 0.49 1 0.21 1 900103.722088287
65 1 0 0.018 0.0011 12542074.3976634
65 0.8 0.02 0.04 0.15 5579442.96296882
65 0.67 0.63 0.073 0.53 2918555.91410268
65 0.59 0.98 0.11 0.69 1696197.43711112
65 0.55 1 0.14 1 1051785.23473759
65 0.52 1 0.16 1 673672.591073548
65 0.5 1 0.18 1 442103.590810522
65 0.49 1 0.21 1 900103.722088287
66 1 0 0.018 0.0011 12542074.3976634
66 0.8 0.02 0.04 0.15 5579442.96296882
66 0.67 0.63 0.073 0.53 2918555.91410268
66 0.59 0.98 0.11 0.69 1696197.43711112
66 0.55 1 0.14 1 1051785.23473759
66 0.52 1 0.16 1 673672.591073548
66 0.5 1 0.18 1 442103.590810522
66 0.49 1 0.21 1 900103.722088287
67 1 0 0.018 0.0011 12542074.3976634
67 0.8 0.02 0.04 0.15 5579442.96296882
67 0.67 0.63 0.073 0.53 2918555.91410268
67 0.59 0.98 0.11 0.69 1696197.43711112
67 0.55 1 0.14 1 1051785.23473759
67 0.52 1 0.16 1 673672.591073548
67 0.5 1 0.18 1 442103.590810522
67 0.49 1 0.21 1 900103.722088287
68 1 0 0.018 0.0011 12542074.3976634
68 0.8 0.02 0.04 0.15 5579442.96296882
68 0.67 0.63 0.073 0.53 2918555.91410268
68 0.59 0.98 0.11 0.69 1696197.43711112
68 0.55 1 0.14 1 1051785.23473759
68 0.52 1 0.16 1 673672.591073548
68 0.5 1 0.18 1 442103.590810522
68 0.49 1 0.21 1 900103.722088287
69 1 0 0.018 0.0011 12542074.3976634
69 0.8 0.02 0.04 0.15 5579442.96296882
69 0.67 0.63 0.073 0.53 2918555.91410268
69 0.59 0.98 0.11 0.69 1696197.43711112
69 0.55 1 0.14 1 1051785.23473759
69 0.52 1 0.16 1 673672.591073548
69 0.5 1 0.18 1 442103.590810522
69 0.49 1 0.21 1 900103.722088287
70 1 0 0.018 0.0011 12542074.3976634
70 0.8 0.02 0.04 0.15 5579442.96296882
70 0.67 0.63 0.073 0.53 2918555.91410268
70 0.59 0.98 0.11 0.69 1696197.43711112
70 0.55 1 0.14 1 1051785.23473759
70 0.52 1 0.16 1 673672.591073548
70 0.5 1 0.18 1 442103.590810522
70 0.49 1 0.21 1 900103.722088287
71 1 0 0.018 0.0011 12542074.3976634
71 0.8 0.02 0.04 0.15 5579442.96296882
71 0.67 0.63 0.073 0.53 2918555.91410268
71 0.59 0.98 0.11 0.69 1696197.43711112
71 0.55 1 0.14 1 1051785.23473759
71 0.52 1 0.16 1 673672.591073548
71 0.5 1 0.18 1 442103.590810522
71 0.49 1 0.21 1 900103.722088287
72 1 0 0.018 0.0011 12542074.3976634
72 0.8 0.02 0.04 0.15 5579442.96296882
72 0.67 0.63 0.073 0.53 2918555.91410268
72 0.59 0.98 0.11 0.69 1696197.43711112
72 0.55 1 0.14 1 1051785.23473759
72 0.52 1 0.16 1 673672.591073548
72 0.5 1 0.18 1 442103.590810522
72 0.49 1 0.21 1 900103.722088287
73 1 0 0.018 0.0011 12542074.3976634
73 0.8 0.02 0.04 0.15 5579442.96296882
73 0.67 0.63 0.073 0.53 2918555.91410268
73 0.59 0.98 0.11 0.69 1696197.43711112
73 0.55 1 0.14 1 1051785.23473759
73 0.52 1 0.16 1 673672.591073548
73 0.5 1 0.18 1 442103.590810522
73 0.49 1 0.21 1 900103.722088287
74 1 0 0.018 0.0011 12542074.3976634
74 0.8 0.02 0.04 0.15 5579442.96296882
74 0.67 0.63 0.073 0.53 2918555.91410268
74 0.59 0.98 0.11 0.69 1696197.43711112
74 0.55 1 0.14 1 1051785.23473759
74 0.52 1 0.16 1 673672.591073548
74 0.5 1 0.18 1 442103.590810522
74 0.49 1 0.21 1 900103.722088287
75 1 0 0.018 0.0011 12542074.3976634
75 0.8 0.02 0.04 0.15 5579442.96296882
75 0.67 0.63 0.073 0.53 2918555.91410268
75 0.59 0.98 0.11 0.69 1696197.43711112
75 0.55 1 0.14 1 1051785.23473759
75 0.52 1 0.16 1 673672.591073548
75 0.5 1 0.18 1 442103.590810522
75 0.49 1 0.21 1 900103.722088287
76 1 0 0.018 0.0011 12542074.3976634
76 0.8 0.02 0.04 0.15 5579442.96296882
76 0.67 0.63 0.073 0.53 2918555.91410268
76 0.59 0.98 0.11 0.69 1696197.43711112
76 0.55 1 0.14 1 1051785.23473759
76 0.52 1 0.16 1 673672.591073548
76 0.5 1 0.18 1 442103.590810522
76 0.49 1 0.21 1 900103.722088287
77 1 0 0.018 0.0011 12542074.3976634
77 0.8 0.02 0.04 0.15 5579442.96296882
77 0.67 0.63 0.073 0.53 2918555.91410268
77 0.59 0.98 0.11 0.69 1696197.43711112
77 0.55 1 0.14 1 1051785.23473759
77 0.52 1 0.16 1 673672.591073548
77 0.5 1 0.18 1 442103.590810522
77 0.49 1 0.21 1 900103.722088287
78 1 0 0.018 0.0011 12542074.3976634
78 0.8 0.02 0.04 0.15 5579442.96296882
78 0.67 0.63 0.073 0.53 2918555.91410268
78 0.59 0.98 0.11 0.69 1696197.43711112
78 0.55 1 0.14 1 1051785.23473759
78 0.52 1 0.16 1 673672.591073548
78 0.5 1 0.18 1 442103.590810522
78 0.49 1 0.21 1 900103.722088287
79 1 0 0.018 0.0011 12542074.3976634
79 0.8 0.02 0.04 0.15 5579442.96296882
79 0.67 0.63 0.073 0.53 2918555.91410268
79 0.59 0.98 0.11 0.69 1696197.43711112
79 0.55 1 0.14 1 1051785.23473759
79 0.52 1 0.16 1 673672.591073548
79 0.5 1 0.18 1 442103.590810522
79 0.49 1 0.21 1 900103.722088287
80 1 0 0.018 0.0011 12542074.3976634
80 0.8 0.02 0.04 0.15 5579442.96296882
80 0.67 0.63 0.073 0.53 2918555.91410268
80 0.59 0.98 0.11 0.69 1696197.43711112
80 0.55 1 0.14 1 1051785.23473759
80 0.52 1 0.16 1 673672.591073548
80 0.5 1 0.18 1 442103.590810522
80 0.49 1 0.21 1 900103.722088287
81 1 0 0.018 0.0011 12542074.3976634
81 0.8 0.02 0.04 0.15 5579442.96296882
81 0.67 0.63 0.073 0.53 2918555.91410268
81 0.59 0.98 0.11 0.69 1696197.43711112
81 0.55 1 0.14 1 1051785.23473759
81 0.52 1 0.16 1 673672.591073548
81 0.5 1 0.18 1 442103.590810522
81 0.49 1 0.21 1 900103.722088287
82 1 0 0.018 0.0011 12542074.3976634
82 0.8 0.02 0.04 0.15 5579442.96296882
82 0.67 0.63 0.073 0.53 2918555.91410268
82 0.59 0.98 0.11 0.69 1696197.43711112
82 0.55 1 0.14 1 1051785.23473759
82 0.52 1 0.16 1 673672.591073548
82 0.5 1 0.18 1 442103.590810522
82 0.49 1 0.21 1 900103.722088287
83 1 0 0.018 0.0011 12542074.3976634
83 0.8 0.02 0.04 0.15 5579442.96296882
83 0.67 0.63 0.073 0.53 2918555.91410268
83 0.59 0.98 0.11 0.69 1696197.43711112
83 0.55 1 0.14 1 1051785.23473759
83 0.52 1 0.16 1 673672.591073548
83 0.5 1 0.18 1 442103.590810522
83 0.49 1 0.21 1 900103.722088287
84 1 0 0.018 0.0011 12542074.3976634
84 0.8 0.02 0.04 0.15 5579442.96296882
84 0.67 0.63 0.073 0.53 2918555.91410268
84 0.59 0.98 0.11 0.69 1696197.43711112
84 0.55 1 0.14 1 1051785.23473759
84 0.52 1 0.16 1 673672.591073548
84 0.5 1 0.18 1 442103.590810522
84 0.49 1 0.21 1 900103.722088287
85 1 0 0.018 0.0011 12542074.3976634
85 0.8 0.02 0.04 0.15 5579442.96296882
85 0.67 0.63 0.073 0.53 2918555.91410268
85 0.59 0.98 0.11 0.69 1696197.43711112
85 0.55 1 0.14 1 1051785.23473759
85 0.52 1 0.16 1 673672.591073548
85 0.5 1 0.18 1 442103.590810522
85 0.49 1 0.21 1 900103.722088287
86 1 0 0.018 0.0011 12542074.3976634
86 0.8 0.02 0.04 0.15 5579442.96296882
86 0.67 0.63 0.073 0.53 2918555.91410268
86 0.59 0.98 0.11 0.69 1696197.43711112
86 0.55 1 0.14 1 1051785.23473759
86 0.52 1 0.16 1 673672.591073548
86 0.5 1 0.18 1 442103.590810522
86 0.49 1 0.21 1 900103.722088287
87 1 0 0.018 0.0011 12542074.3976634
87 0.8 0.02 0.04 0.15 5579442.96296882
87 0.67 0.63 0.073 0.53 2918555.91410268
87 0.59 0.98 0.11 0.69 1696197.43711112
87 0.55 1 0.14 1 1051785.23473759
87 0.52 1 0.16 1 673672.591073548
87 0.5 1 0.18 1 442103.590810522
87 0.49 1 0.21 1 900103.722088287
88 1 0 0.018 0.0011 12542074.3976634
88 0.8 0.02 0.04 0.15 5579442.96296882
88 0.67 0.63 0.073 0.53 2918555.91410268
88 0.59 0.98 0.11 0.69 1696197.43711112
88 0.55 1 0.14 1 1051785.23473759
88 0.52 1 0.16 1 673672.591073548
88 0.5 1 0.18 1 442103.590810522
88 0.49 1 0.21 1 900103.722088287
89 1 0 0.018 0.0011 12542074.3976634
89 0.8 0.02 0.04 0.15 5579442.96296882
89 0.67 0.63 0.073 0.53 2918555.91410268
89 0.59 0.98 0.11 0.69 1696197.43711112
89 0.55 1 0.14 1 1051785.23473759
89 0.52 1 0.16 1 673672.591073548
89 0.5 1 0.18 1 442103.590810522
89 0.49 1 0.21 1 900103.722088287
90 1 0 0.018 0.0011 12542074.3976634
90 0.8 0.02 0.04 0.15 5579442.96296882
90 0.67 0.63 0.073 0.53 2918555.91410268
90 0.59 0.98 0.11 0.69 1696197.43711112
90 0.55 1 0.14 1 1051785.23473759
90 0.52 1 0.16 1 673672.591073548
90 0.5 1 0.18 1 442103.590810522
90 0.49 1 0.21 1 900103.722088287
91 1 0 0.018 0.0011 12542074.3976634
91 0.8 0.02 0.04 0.15 5579442.96296882
91 0.67 0.63 0.073 0.53 2918555.91410268
91 0.59 0.98 0.11 0.69 1696197.43711112
91 0.55 1 0.14 1 1051785.23473759
91 0.52 1 0.16 1 673672.591073548
91 0.5 1 0.18 1 442103.590810522
91 0.49 1 0.21 1 900103.722088287
92 1 0 0.018 0.0011 12542074.3976634
92 0.8 0.02 0.04 0.15 5579442.96296882
92 0.67 0.63 0.073 0.53 2918555.91410268
92 0.59 0.98 0.11 0.69 1696197.43711112
92 0.55 1 0.14 1 1051785.23473759
92 0.52 1 0.16 1 673672.591073548
92 0.5 1 0.18 1 442103.590810522
92 0.49 1 0.21 1 900103.722088287
93 1 0 0.018 0.0011 12542074.3976634
93 0.8 0.02 0.04 0.15 5579442.96296882
93 0.67 0.63 0.073 0.53 2918555.91410268
93 0.59 0.98 0.11 0.69 1696197.43711112
93 0.55 1 0.14 1 1051785.23473759
93 0.52 1 0.16 1 673672.591073548
93 0.5 1 0.18 1 442103.590810522
93 0.49 1 0.21 1 900103.722088287
94 1 0 0.018 0.0011 12542074.3976634
94 0.8 0.02 0.04 0.15 5579442.96296882
94 0.67 0.63 0.073 0.53 2918555.91410268
94 0.59 0.98 0.11 0.69 1696197.43711112
94 0.55 1 0.14 1 1051785.23473759
94 0.52 1 0.16 1 673672.591073548
94 0.5 1 0.18 1 442103.590810522
94 0.49 1 0.21 1 900103.722088287
95 1 0 0.018 0.0011 12542074.3976634
95 0.8 0.02 0.04 0.15 5579442.96296882
95 0.67 0.63 0.073 0.53 2918555.91410268
95 0.59 0.98 0.11 0.69 1696197.43711112
95 0.55 1 0.14 1 1051785.23473759
95 0.52 1 0.16 1 673672.591073548
95 0.5 1 0.18 1 442103.590810522
95 0.49 1 0.21 1 900103.722088287
96 1 0 0.018 0.0011 12542074.3976634
96 0.8 0.02 0.04 0.15 5579442.96296882
96 0.67 0.63 0.073 0.53 2918555.91410268
96 0.59 0.98 0.11 0.69 1696197.43711112
96 0.55 1 0.14 1 1051785.23473759
96 0.52 1 0.16 1 673672.591073548
96 0.5 1 0.18 1 442103.590810522
96 0.49 1 0.21 1 900103.722088287
97 1 0 0.018 0.0011 12542074.3976634
97 0.8 0.02 0.04 0.15 5579442.96296882
97 0.67 0.63 0.073 0.53 2918555.91410268
97 0.59 0.98 0.11 0.69 1696197.43711112
97 0.55 1 0.14 1 1051785.23473759
97 0.52 1 0.16 1 673672.591073548
97 0.5 1 0.18 1 442103.590810522
97 0.49 1 0.21 1 900103.722088287
98 1 0 0.018 0.0011 12542074.3976634
98 0.8 0.02 0.04 0.15 5579442.96296882
98 0.67 0.63 0.073 0.53 2918555.91410268
98 0.59 0.98 0.11 0.69 1696197.43711112
98 0.55 1 0.14 1 1051785.23473759
98 0.52 1 0.16 1 673672.591073548
98 0.5 1 0.18 1 442103.590810522
98 0.49 1 0.21 1 900103.722088287
99 1 0 0.018 0.0011 12542074.3976634
99 0.8 0.02 0.04 0.15 5579442.96296882
99 0.67 0.63 0.073 0.53 2918555.91410268
99 0.59 0.98 0.11 0.69 1696197.43711112
99 0.55 1 0.14 1 1051785.23473759
99 0.52 1 0.16 1 673672.591073548
99 0.5 1 0.18 1 442103.590810522
99 0.49 1 0.21 1 900103.722088287
100 1 0 0.018 0.0011 12542074.3976634
100 0.8 0.02 0.04 0.15 5579442.96296882
100 0.67 0.63 0.073 0.53 2918555.91410268
100 0.59 0.98 0.11 0.69 1696197.43711112
100 0.55 1 0.14 1 1051785.23473759
100 0.52 1 0.16 1 673672.591073548
100 0.5 1 0.18 1 442103.590810522
100 0.49 1 0.21 1 900103.722088287
